# Grafo de prueba generado automáticamente
# Nodos: 1000, Tipo: Estrella con ciclos
0 1
0 2
0 3
0 4
0 5
0 6
0 7
0 8
0 9
0 10
0 11
0 12
0 13
0 14
0 15
0 16
0 17
0 18
0 19
0 20
0 21
0 22
0 23
0 24
0 25
0 26
0 27
0 28
0 29
0 30
0 31
0 32
0 33
0 34
0 35
0 36
0 37
0 38
0 39
0 40
0 41
0 42
0 43
0 44
0 45
0 46
0 47
0 48
0 49
0 50
0 51
0 52
0 53
0 54
0 55
0 56
0 57
0 58
0 59
0 60
0 61
0 62
0 63
0 64
0 65
0 66
0 67
0 68
0 69
0 70
0 71
0 72
0 73
0 74
0 75
0 76
0 77
0 78
0 79
0 80
0 81
0 82
0 83
0 84
0 85
0 86
0 87
0 88
0 89
0 90
0 91
0 92
0 93
0 94
0 95
0 96
0 97
0 98
0 99
0 100
0 101
0 102
0 103
0 104
0 105
0 106
0 107
0 108
0 109
0 110
0 111
0 112
0 113
0 114
0 115
0 116
0 117
0 118
0 119
0 120
0 121
0 122
0 123
0 124
0 125
0 126
0 127
0 128
0 129
0 130
0 131
0 132
0 133
0 134
0 135
0 136
0 137
0 138
0 139
0 140
0 141
0 142
0 143
0 144
0 145
0 146
0 147
0 148
0 149
0 150
0 151
0 152
0 153
0 154
0 155
0 156
0 157
0 158
0 159
0 160
0 161
0 162
0 163
0 164
0 165
0 166
0 167
0 168
0 169
0 170
0 171
0 172
0 173
0 174
0 175
0 176
0 177
0 178
0 179
0 180
0 181
0 182
0 183
0 184
0 185
0 186
0 187
0 188
0 189
0 190
0 191
0 192
0 193
0 194
0 195
0 196
0 197
0 198
0 199
0 200
0 201
0 202
0 203
0 204
0 205
0 206
0 207
0 208
0 209
0 210
0 211
0 212
0 213
0 214
0 215
0 216
0 217
0 218
0 219
0 220
0 221
0 222
0 223
0 224
0 225
0 226
0 227
0 228
0 229
0 230
0 231
0 232
0 233
0 234
0 235
0 236
0 237
0 238
0 239
0 240
0 241
0 242
0 243
0 244
0 245
0 246
0 247
0 248
0 249
0 250
0 251
0 252
0 253
0 254
0 255
0 256
0 257
0 258
0 259
0 260
0 261
0 262
0 263
0 264
0 265
0 266
0 267
0 268
0 269
0 270
0 271
0 272
0 273
0 274
0 275
0 276
0 277
0 278
0 279
0 280
0 281
0 282
0 283
0 284
0 285
0 286
0 287
0 288
0 289
0 290
0 291
0 292
0 293
0 294
0 295
0 296
0 297
0 298
0 299
0 300
0 301
0 302
0 303
0 304
0 305
0 306
0 307
0 308
0 309
0 310
0 311
0 312
0 313
0 314
0 315
0 316
0 317
0 318
0 319
0 320
0 321
0 322
0 323
0 324
0 325
0 326
0 327
0 328
0 329
0 330
0 331
0 332
0 333
0 334
0 335
0 336
0 337
0 338
0 339
0 340
0 341
0 342
0 343
0 344
0 345
0 346
0 347
0 348
0 349
0 350
0 351
0 352
0 353
0 354
0 355
0 356
0 357
0 358
0 359
0 360
0 361
0 362
0 363
0 364
0 365
0 366
0 367
0 368
0 369
0 370
0 371
0 372
0 373
0 374
0 375
0 376
0 377
0 378
0 379
0 380
0 381
0 382
0 383
0 384
0 385
0 386
0 387
0 388
0 389
0 390
0 391
0 392
0 393
0 394
0 395
0 396
0 397
0 398
0 399
0 400
0 401
0 402
0 403
0 404
0 405
0 406
0 407
0 408
0 409
0 410
0 411
0 412
0 413
0 414
0 415
0 416
0 417
0 418
0 419
0 420
0 421
0 422
0 423
0 424
0 425
0 426
0 427
0 428
0 429
0 430
0 431
0 432
0 433
0 434
0 435
0 436
0 437
0 438
0 439
0 440
0 441
0 442
0 443
0 444
0 445
0 446
0 447
0 448
0 449
0 450
0 451
0 452
0 453
0 454
0 455
0 456
0 457
0 458
0 459
0 460
0 461
0 462
0 463
0 464
0 465
0 466
0 467
0 468
0 469
0 470
0 471
0 472
0 473
0 474
0 475
0 476
0 477
0 478
0 479
0 480
0 481
0 482
0 483
0 484
0 485
0 486
0 487
0 488
0 489
0 490
0 491
0 492
0 493
0 494
0 495
0 496
0 497
0 498
0 499
0 500
0 501
0 502
0 503
0 504
0 505
0 506
0 507
0 508
0 509
0 510
0 511
0 512
0 513
0 514
0 515
0 516
0 517
0 518
0 519
0 520
0 521
0 522
0 523
0 524
0 525
0 526
0 527
0 528
0 529
0 530
0 531
0 532
0 533
0 534
0 535
0 536
0 537
0 538
0 539
0 540
0 541
0 542
0 543
0 544
0 545
0 546
0 547
0 548
0 549
0 550
0 551
0 552
0 553
0 554
0 555
0 556
0 557
0 558
0 559
0 560
0 561
0 562
0 563
0 564
0 565
0 566
0 567
0 568
0 569
0 570
0 571
0 572
0 573
0 574
0 575
0 576
0 577
0 578
0 579
0 580
0 581
0 582
0 583
0 584
0 585
0 586
0 587
0 588
0 589
0 590
0 591
0 592
0 593
0 594
0 595
0 596
0 597
0 598
0 599
0 600
0 601
0 602
0 603
0 604
0 605
0 606
0 607
0 608
0 609
0 610
0 611
0 612
0 613
0 614
0 615
0 616
0 617
0 618
0 619
0 620
0 621
0 622
0 623
0 624
0 625
0 626
0 627
0 628
0 629
0 630
0 631
0 632
0 633
0 634
0 635
0 636
0 637
0 638
0 639
0 640
0 641
0 642
0 643
0 644
0 645
0 646
0 647
0 648
0 649
0 650
0 651
0 652
0 653
0 654
0 655
0 656
0 657
0 658
0 659
0 660
0 661
0 662
0 663
0 664
0 665
0 666
0 667
0 668
0 669
0 670
0 671
0 672
0 673
0 674
0 675
0 676
0 677
0 678
0 679
0 680
0 681
0 682
0 683
0 684
0 685
0 686
0 687
0 688
0 689
0 690
0 691
0 692
0 693
0 694
0 695
0 696
0 697
0 698
0 699
0 700
0 701
0 702
0 703
0 704
0 705
0 706
0 707
0 708
0 709
0 710
0 711
0 712
0 713
0 714
0 715
0 716
0 717
0 718
0 719
0 720
0 721
0 722
0 723
0 724
0 725
0 726
0 727
0 728
0 729
0 730
0 731
0 732
0 733
0 734
0 735
0 736
0 737
0 738
0 739
0 740
0 741
0 742
0 743
0 744
0 745
0 746
0 747
0 748
0 749
0 750
0 751
0 752
0 753
0 754
0 755
0 756
0 757
0 758
0 759
0 760
0 761
0 762
0 763
0 764
0 765
0 766
0 767
0 768
0 769
0 770
0 771
0 772
0 773
0 774
0 775
0 776
0 777
0 778
0 779
0 780
0 781
0 782
0 783
0 784
0 785
0 786
0 787
0 788
0 789
0 790
0 791
0 792
0 793
0 794
0 795
0 796
0 797
0 798
0 799
0 800
0 801
0 802
0 803
0 804
0 805
0 806
0 807
0 808
0 809
0 810
0 811
0 812
0 813
0 814
0 815
0 816
0 817
0 818
0 819
0 820
0 821
0 822
0 823
0 824
0 825
0 826
0 827
0 828
0 829
0 830
0 831
0 832
0 833
0 834
0 835
0 836
0 837
0 838
0 839
0 840
0 841
0 842
0 843
0 844
0 845
0 846
0 847
0 848
0 849
0 850
0 851
0 852
0 853
0 854
0 855
0 856
0 857
0 858
0 859
0 860
0 861
0 862
0 863
0 864
0 865
0 866
0 867
0 868
0 869
0 870
0 871
0 872
0 873
0 874
0 875
0 876
0 877
0 878
0 879
0 880
0 881
0 882
0 883
0 884
0 885
0 886
0 887
0 888
0 889
0 890
0 891
0 892
0 893
0 894
0 895
0 896
0 897
0 898
0 899
0 900
0 901
0 902
0 903
0 904
0 905
0 906
0 907
0 908
0 909
0 910
0 911
0 912
0 913
0 914
0 915
0 916
0 917
0 918
0 919
0 920
0 921
0 922
0 923
0 924
0 925
0 926
0 927
0 928
0 929
0 930
0 931
0 932
0 933
0 934
0 935
0 936
0 937
0 938
0 939
0 940
0 941
0 942
0 943
0 944
0 945
0 946
0 947
0 948
0 949
0 950
0 951
0 952
0 953
0 954
0 955
0 956
0 957
0 958
0 959
0 960
0 961
0 962
0 963
0 964
0 965
0 966
0 967
0 968
0 969
0 970
0 971
0 972
0 973
0 974
0 975
0 976
0 977
0 978
0 979
0 980
0 981
0 982
0 983
0 984
0 985
0 986
0 987
0 988
0 989
0 990
0 991
0 992
0 993
0 994
0 995
0 996
0 997
0 998
0 999
1 2
2 3
6 7
7 8
11 12
12 13
16 17
17 18
21 22
22 23
26 27
27 28
31 32
32 33
36 37
37 38
41 42
42 43
46 47
47 48
51 52
52 53
56 57
57 58
61 62
62 63
66 67
67 68
71 72
72 73
76 77
77 78
81 82
82 83
86 87
87 88
91 92
92 93
96 97
97 98
101 102
102 103
106 107
107 108
111 112
112 113
116 117
117 118
121 122
122 123
126 127
127 128
131 132
132 133
136 137
137 138
141 142
142 143
146 147
147 148
151 152
152 153
156 157
157 158
161 162
162 163
166 167
167 168
171 172
172 173
176 177
177 178
181 182
182 183
186 187
187 188
191 192
192 193
196 197
197 198
201 202
202 203
206 207
207 208
211 212
212 213
216 217
217 218
221 222
222 223
226 227
227 228
231 232
232 233
236 237
237 238
241 242
242 243
246 247
247 248
251 252
252 253
256 257
257 258
261 262
262 263
266 267
267 268
271 272
272 273
276 277
277 278
281 282
282 283
286 287
287 288
291 292
292 293
296 297
297 298
301 302
302 303
306 307
307 308
311 312
312 313
316 317
317 318
321 322
322 323
326 327
327 328
331 332
332 333
336 337
337 338
341 342
342 343
346 347
347 348
351 352
352 353
356 357
357 358
361 362
362 363
366 367
367 368
371 372
372 373
376 377
377 378
381 382
382 383
386 387
387 388
391 392
392 393
396 397
397 398
401 402
402 403
406 407
407 408
411 412
412 413
416 417
417 418
421 422
422 423
426 427
427 428
431 432
432 433
436 437
437 438
441 442
442 443
446 447
447 448
451 452
452 453
456 457
457 458
461 462
462 463
466 467
467 468
471 472
472 473
476 477
477 478
481 482
482 483
486 487
487 488
491 492
492 493
496 497
497 498
501 502
502 503
506 507
507 508
511 512
512 513
516 517
517 518
521 522
522 523
526 527
527 528
531 532
532 533
536 537
537 538
541 542
542 543
546 547
547 548
551 552
552 553
556 557
557 558
561 562
562 563
566 567
567 568
571 572
572 573
576 577
577 578
581 582
582 583
586 587
587 588
591 592
592 593
596 597
597 598
601 602
602 603
606 607
607 608
611 612
612 613
616 617
617 618
621 622
622 623
626 627
627 628
631 632
632 633
636 637
637 638
641 642
642 643
646 647
647 648
651 652
652 653
656 657
657 658
661 662
662 663
666 667
667 668
671 672
672 673
676 677
677 678
681 682
682 683
686 687
687 688
691 692
692 693
696 697
697 698
701 702
702 703
706 707
707 708
711 712
712 713
716 717
717 718
721 722
722 723
726 727
727 728
731 732
732 733
736 737
737 738
741 742
742 743
746 747
747 748
751 752
752 753
756 757
757 758
761 762
762 763
766 767
767 768
771 772
772 773
776 777
777 778
781 782
782 783
786 787
787 788
791 792
792 793
796 797
797 798
801 802
802 803
806 807
807 808
811 812
812 813
816 817
817 818
821 822
822 823
826 827
827 828
831 832
832 833
836 837
837 838
841 842
842 843
846 847
847 848
851 852
852 853
856 857
857 858
861 862
862 863
866 867
867 868
871 872
872 873
876 877
877 878
881 882
882 883
886 887
887 888
891 892
892 893
896 897
897 898
901 902
902 903
906 907
907 908
911 912
912 913
916 917
917 918
921 922
922 923
926 927
927 928
931 932
932 933
936 937
937 938
941 942
942 943
946 947
947 948
951 952
952 953
956 957
957 958
961 962
962 963
966 967
967 968
971 972
972 973
976 977
977 978
981 982
982 983
986 987
987 988
991 992
992 993
996 997
997 998
5 10
10 15
15 5
